F-statistic: 32.6259618124822
P-value: 6.255218731829188e-08
There is a significant difference between the group means.
