T-statistic: 4.571679054413011
P-value: 8.327654458471987e-05
