Z-Score: 1.9441444452997994
P-value: 0.051878034893831915
